Report  Id
4001
4003
4008
4012
4013
4016
4017
4018
4023
4034
4059
4092
4132
4133
4134
4135
4138
4141
4145
4147
4152
4153
4154
4155
4156
4158
4159
4160
4162
4163
4164
4165
4166
4167
4168
4169
4172
4174
4175
4177
4179
4181
4182
4184
4186
4187
4189
4191
4192
4196
4197
4198
4199
4200
4206
4210
4218
4219
4222
4225
4253
4254
4259
4272
4275
4276
4280
4281
4286
4294
4295
4305
4308
4310
4335
4336
4337
4340
4343
4345
4349
4358
4359
4360
4362
4364
4367
4372
4373
4375
4376
4377
4378
4381
4389
4396
4398
4399
4406
4434
4441
4442
4464
4471
4477
4478
4484
4504
4505
4522
4525
4564
4602
4613
4615
5001
5003
5006
5011
5012
5026
5033
5054
5075
5092
5094
5095
5098
5100
5102
5108
5109
5110
5111
5112
5120
5121
5126
5136
5138
5139
5140
5141
5143
5145
5146
5147
5148
5149
5153
5154
5155
5161
5162
5165
5166
5168
5172
5176
5181
5185
5187
5198
5209
5210
5326
5213
5214
5220
5231
5232
5307
5319
5322
6004
6012
6014
6015
6016
6025
6030
6033
6035
6050
6069
6071
6072
6073
6075
6079
6084
6090
6094
6126
6127
7001
7003
8006
4463
5193
5321
5323
6002
4617
4619
4620
4621
4618
94007
94006
94004
91340
91356
91371
92168
91194
91341
92092
5320
92161
92171
92173
92174
92175
92131
92141
92009
92155
92164
92162
91327
92157
92167
92166
91354
91342
91364
92007
91304
91337
92158
92159
91387
91314
92125
92170
91325
91296
91317
91345
91347
91357
91367
91369
91370
92160
91355
91343
91344
91360
91365
91330
91376
91329
91324
91291
91269
91338
91361
91377
91322
91346
92163
91366
91260
91158
91375
91199
91315
4379
91351
91386
91382
91157
91319
4183
91362
91363
91349
91353
91368
91350
91326
91320
93144
93141
93140
93131
93013
93093
93103
93003
93004
93143
92153
93133
93134
93137
93138
93123
93139
17189
93128
93135
93125
93110
93113
93129
91318
93111
91331
91335
91378
91316
91307
91082
91384
93145
93151
91057
92179
93146
93148
91385
93130
93147
91389
91390
92181
93132
91391
91392
91393
91181
92184
92185
93149
93152
91394
92183
91395
92186
92187
93116
92188
92189
92190
92191
93075
93153
5325
5324
4622
92152
92151
92150
91313
4506
4623
92193
4624
92192
91396
91397
91398
92194
91399
92195
92196
91117
93077
92197
91400
4573
5327
92140
93154
92198
91401
6140
6152
93155
93156
93157
92199
5205
92200
93105

